15
Lorena-Santos 23280 81.1 3.58 8351 4348603.56
Manuela-Alves 19241 131.09 1.9 16625 6132105.16
Vitor-Gabriel-Gomes 67838 77.11 4.95 3802 5515133.74
Isabella-da-Costa 31063 197.7 3.27 19976 8126332.07
Dr.-Pietro-da-Mota 28874 33.58 0.77 3588 3588586.5
Thomas-Oliveira 97000 71.1 8.77 57833 243697.95
Eduardo-Araújo 82903 142.96 5.33 24843 8996869.06
Isadora-Ribeiro 18958 191.95 9.48 11422 7847707.44
Caroline-Nascimento 90897 63.68 4.7 62035 8550620.21
Larissa-Lima 88799 76.28 4.55 30507 8725702.95
Sr.-Davi-Cardoso 78292 68.28 2.47 59828 2343873.89
Natália-Rezende 61012 105.2 6.0 15322 4270369.76
Lucas-Cardoso 59391 31.96 7.06 34758 3405059.3
Maria-Alice-da-Mata 27540 140.46 3.0 15689 473903.73
Fernando-Pereira 39070 48.58 6.38 30252 6790268.81
