14
Davi-Lucca-Peixoto 39089 166.75 4.89 18252 7432281.15
Maria-Alice-Pires 98955 30.48 8.0 10783 8184939.85
Caroline-Farias 25511 106.43 3.35 14896 2192766.72
Larissa-Campos 75145 84.14 3.9 43215 3983329.52
Luiz-Otávio-da-Mata 39908 157.4 3.21 10038 1377243.24
Mariana-Cardoso 70461 143.5 0.48 54552 1040910.9
Heitor-Martins 21445 130.36 1.06 5926 5258839.35
Samuel-Santos 26034 102.81 2.98 9804 2099670.05
Ana-Carolina-Carvalho 93894 9.84 1.2 84075 5001967.74
Ana-Sophia-da-Rosa 80508 179.81 9.62 61714 3403394.7
Evelyn-Aragão 44887 15.61 7.1 10921 354120.69
Isadora-Lima 84713 33.85 0.58 47284 9556086.86
Laura-Ramos 66955 105.43 0.69 14254 5209059.79
Levi-Ramos 26704 95.96 8.89 818 7469644.75
