13
Natália-da-Costa 50061 90.08 2.84 40809 2390129.85
Diogo-Santos 21573 143.68 7.74 18652 6723146.08
Emilly-Oliveira 71676 196.51 3.76 57473 2063996.57
Beatriz-Pinto 10224 88.39 9.89 5532 4867931.2
Sr.-Luiz-Otávio-Gomes 28060 2.67 3.91 5590 9210104.34
João-Pedro-Pires 66538 74.16 7.64 54187 5213207.19
Sr.-João-Pedro-Nunes 97678 70.63 0.78 38289 5450374.49
Isabel-Farias 33284 84.88 5.2 8185 284041.34
Luiz-Miguel-Teixeira 28343 31.99 2.05 24604 5952042.07
Calebe-Almeida 17090 195.68 1.18 15197 2829932.83
Felipe-Duarte 55968 36.39 1.83 25279 6537169.5
Laís-Ramos 63998 22.63 2.63 15578 5558471.45
Yago-Pereira 55511 161.0 8.77 32934 5984717.99
Teste -1 -1 -1 -1 -1
