10
Fernando-Monteiro 58775 138.46 8.74 54539 8818041.32
Francisco-Cardoso 41319 163.76 4.88 39277 344886.93
Nina-Freitas 36087 85.25 2.44 14261 5245076.9
Dr.-Benjamin-Rodrigues 46010 119.13 2.79 13258 7931810.04
Rebeca-Nunes 91354 70.53 4.8 36436 989660.68
Emanuella-Costela 62806 178.67 2.71 10538 8628294.99
Dra.-Brenda-Almeida 65684 94.72 7.02 17718 6839113.29
Cauê-Aragão 79275 198.16 8.92 57210 6085683.27
Srta.-Ana-Júlia-Gonçalves 29198 96.8 7.55 15689 6336310.38
Dr.-Anthony-Martins 52072 3.14 5.74 44603 551619.09
