10
Marcelo-Rocha 55329 25.63 5.66 7533 6276258.59
Heloísa-Moura 35768 18.38 5.57 3081 9083210.58
Samuel-Rocha 74916 164.89 9.1 58132 2549768.99
Vitor-Hugo-Nogueira 11663 192.49 9.53 7822 2228902.26
Marcela-Barbosa 97521 95.21 7.89 6276 2659366.31
Enzo-Duarte 64701 13.88 7.13 16101 3397791.49
Luiza-Gonçalves 54885 62.57 8.71 44368 3179769.48
Caroline-Cunha 12891 26.57 2.36 9062 2891382.57
Sra.-Daniela-Almeida 31931 116.84 9.08 26999 9130664.02
Ana-Luiza-Ribeiro 24086 177.79 2.16 21006 6692589.17
