13
Giovanna-Dias 46653 5.99 5.33 41166 3152134.36
Sophia-Nunes 48866 143.4 2.48 16083 2970301.54
André-da-Paz 83677 137.75 8.68 65518 6473838.89
Cauã-Cardoso 21474 79.71 5.72 9200 9422117.25
Beatriz-Castro 87461 36.95 5.09 43550 2652541.06
Dr.-Heitor-Lopes 81237 91.26 4.49 23531 1972145.83
Matheus-Rezende 65123 173.87 5.29 42183 4121582.73
Eloah-Teixeira 83832 41.84 3.35 34021 3981587.84
Diego-Peixoto 90377 30.71 6.87 27491 3937484.06
Ana-Clara-Costela 37839 171.08 2.26 28409 1191312.56
Srta.-Emanuella-Duarte 49491 38.65 6.98 764 3676922.43
Sr.-Felipe-Santos 41379 62.08 3.93 4074 1071792.06
Gabrielly-Lopes 90739 149.35 2.84 10887 2509880.01
