14
Isis-Melo 85899 182.25 4.63 54220 2688379.0
Rodrigo-Lima 31879 156.54 5.53 2750 9780784.82
Sra.-Camila-Barros 29610 153.2 7.87 15633 3548909.58
Luiz-Gustavo-Silveira 61960 23.85 5.09 9932 9324322.67
Miguel-Barbosa 31403 83.6 2.81 3955 2333980.42
Sr.-Fernando-Oliveira 14401 155.18 0.23 10271 6645094.05
Maria-Fernanda-Cardoso 50263 132.61 6.67 35041 6556629.44
Lucas-Gonçalves 21020 197.8 2.92 20956 2012782.63
Bruno-Rezende 71232 58.57 5.22 10798 2526854.79
Maria-Luiza-Almeida 84967 181.6 1.32 77995 1627574.48
Joaquim-Almeida 71635 125.84 3.3 48919 2728380.05
Clarice-Farias 55938 60.59 1.06 16927 5370101.38
Leandro-Oliveira 57879 163.27 5.97 12802 7359829.62
Breno-Moura 26621 14.33 1.87 6474 4773808.45
